1
5
5
4
6
10
6
10
6
10
6
11
6
5
11
6
12
10
6
3
3
9
11
6
10
6
10
6
8
10
6
8
10
5
6
10
8
10
8
10
9
6
12
6
9
8
10
8
6
10
8
12
8
10
6
5
8
10
6
10
6
10
6
10
6
4
8
10
6
10
6
8
10
6
5
8
10
6
15
4
8
10
6
5
8
10
6
5
4
8
10
6
5
8
10
6
8
10
6
5
15
8
10
6
8
10
6
15
5
15
12
8
10
6
8
12
7
7
8
12
7
12
7
5
15
10
6
10
6
5
8
10
6
8
10
6
10
6
8
10
6
14
5
4
8
10
6
13
9
7
13
9
5
5
6
8
10
6
7
12
7
12
7
5
4
10
6
5
4
10
6
10
6
15
4
5
4
5
4
10
6
10
6
5
15
5
4
15
5
12
8
10
6
15
12
10
6
10
6
8
10
5
8
10
6
5
8
10
6
15
10
6
4
10
6
10
6
5
8
10
6
10
6
8
10
6
10
6
8
10
6
5
8
10
6
8
10
6
10
6
7
12
10
6
5
11
6
10
6
12
8
10
6
5
2
