Log_Lik = -7.782677821026613e+02

    0.0623    0.0480    0.0148    0.6240    0.2509    0.0000    0.0000         0         0    0.0000         0         0         0         0    0.0000
         0    0.0445    0.0261    0.0000         0    0.9105         0    0.0000         0    0.0000         0    0.0000         0    0.0189    0.0000
    0.0000    0.0000         0    0.0000    0.0000    0.0000    0.9837    0.0000    0.0000    0.0000    0.0000    0.0000         0    0.0000    0.0163
    0.2147    0.0000    0.7462    0.0391    0.0000    0.0000    0.0000         0         0    0.0000         0         0         0         0    0.0000
         0    0.0000         0         0         0    0.0000    0.0000    0.1064    0.0435    0.2806    0.0242    0.0871    0.0290    0.1922    0.2370


    0.5094    0.0160         0    0.4746    0.0000
    0.0000    0.0000    0.3968    0.0000    0.6032
    0.5761    0.3814    0.0000    0.0425    0.0000
    0.0641    0.9359         0    0.0000    0.0000
    0.0000    0.0000    0.1799    0.0000    0.8201


Log_Lik = -7.782677821165582e+02

    0.0623    0.0480    0.0148    0.6240    0.2509    0.0000    0.0000         0         0    0.0000         0         0         0         0    0.0000
    0.0000    0.0000         0    0.0000    0.0000    0.0000    0.9837    0.0000    0.0000    0.0000    0.0000    0.0000         0    0.0000    0.0163
    0.2147    0.0000    0.7462    0.0391    0.0000    0.0000    0.0000         0         0    0.0000         0         0         0         0    0.0000
         0    0.0000         0         0         0    0.0000    0.0000    0.1064    0.0435    0.2806    0.0242    0.0871    0.0290    0.1922    0.2370
         0    0.0445    0.0261    0.0000         0    0.9105         0    0.0000         0    0.0000         0    0.0000         0    0.0189    0.0000


    0.5094         0    0.4746    0.0000    0.0160
    0.5761    0.0000    0.0425    0.0000    0.3814
    0.0641         0    0.0000    0.0000    0.9359
    0.0000    0.1799    0.0000    0.8201    0.0000
    0.0000    0.3968    0.0000    0.6032    0.0000

Log_Lik = -7.782677821323597e+02

    0.0623    0.0480    0.0148    0.6240    0.2509    0.0000    0.0000         0         0         0         0         0         0         0         0
         0    0.0445    0.0261    0.0000         0    0.9105         0    0.0000         0    0.0000         0    0.0000         0    0.0189    0.0000
    0.2147    0.0000    0.7462    0.0391    0.0000    0.0000    0.0000         0         0    0.0000         0         0         0         0    0.0000
         0    0.0000         0         0         0    0.0000    0.0000    0.1064    0.0435    0.2806    0.0242    0.0871    0.0290    0.1922    0.2370
    0.0000    0.0000         0    0.0000    0.0000    0.0000    0.9837    0.0000    0.0000    0.0000    0.0000    0.0000         0    0.0000    0.0163


    0.5094    0.0160    0.4746    0.0000         0
    0.0000    0.0000    0.0000    0.6032    0.3968
    0.0641    0.9359    0.0000    0.0000         0
    0.0000    0.0000         0    0.8201    0.1799
    0.5761    0.3814    0.0425    0.0000    0.0000

Log_Lik = -7.782677821254687e+02

    0.0623    0.0480    0.0148    0.6240    0.2509    0.0000    0.0000         0         0         0         0         0         0         0         0
         0    0.0445    0.0261    0.0000         0    0.9105         0    0.0000         0    0.0000         0    0.0000         0    0.0189    0.0000
    0.0000    0.0000         0    0.0000    0.0000    0.0000    0.9837    0.0000    0.0000    0.0000    0.0000    0.0000         0    0.0000    0.0163
         0    0.0000         0         0         0    0.0000    0.0000    0.1064    0.0435    0.2806    0.0242    0.0871    0.0290    0.1922    0.2370
    0.2147    0.0000    0.7462    0.0391    0.0000    0.0000    0.0000         0         0         0         0         0         0         0         0


    0.5095    0.0160         0    0.0000    0.4746
    0.0000    0.0000    0.3968    0.6032    0.0000
    0.5760    0.3814    0.0000    0.0000    0.0425
    0.0000    0.0000    0.1799    0.8201    0.0000
    0.0641    0.9359         0    0.0000    0.0000

Log_Lik = -7.782677821010093e+02


    0.0623    0.0480    0.0148    0.6240    0.2509    0.0000    0.0000         0         0    0.0000         0         0         0         0    0.0000
         0    0.0000         0         0         0    0.0000    0.0000    0.1064    0.0435    0.2806    0.0242    0.0871    0.0290    0.1922    0.2370
         0    0.0445    0.0261    0.0000         0    0.9105         0    0.0000         0    0.0000         0    0.0000         0    0.0189    0.0000
    0.0000    0.0000         0    0.0000    0.0000    0.0000    0.9837    0.0000    0.0000    0.0000    0.0000    0.0000         0    0.0000    0.0163
    0.2147    0.0000    0.7462    0.0391    0.0000    0.0000    0.0000         0         0    0.0000         0         0         0         0    0.0000


    0.5094    0.0000    0.0160         0    0.4746
    0.0000    0.8201    0.0000    0.1799    0.0000
    0.0000    0.6032    0.0000    0.3968    0.0000
    0.5761    0.0000    0.3814    0.0000    0.0425
    0.0641    0.0000    0.9359         0    0.0000

